07 MARZ-2017
0017009	10.0	CAVOK	3AC5000	24.5 18.4 74	1007.6	1009.4
0116010	10.0	CAVOK	SKC	24.3 19.9 76		1010.0
0217007	10.0	CAVOK	SKC	24.0 20.2 79		1010.6
0316008	10.0	CAVOK	SKC	23.8 20.2 81	1009.4	1010.8
0418007	10.0	CAVOK	SKC	23.5 20.5 83		1011.4
0519004	10.0	CAVOK	3AC5000	23.2 20.8 86		1011.2
0619003	10.0	CAVOK	3AC5000	23.3 20.4 84	1009.2	1010.6
0717005	10.0	CAVOK	2AC5000	22.9 20.7 87		1010.2
0819004	10.0	CAVOK	2AC5000	22.9 20.5 86		1009.8
0917003	10.0	CAVOK	5AC5000	22.8 20.4 86	1008.4	1010.1
1018003	10.0	CAVOK	5AC5000	22.8 20.2 84		1010.2
1118004	10.0	CAVOK	6AC5000	22.3 20.1 87		1010.3
1217004	10.0	CAVOK	7AC5000	22.9 20.3 85	1009.0	1010.7
1317005	10.0	CAVOK	7AC5000	24.7 20.7 76		1011.1
1423004	10.0	CAVOK	7AC5000	26.6 20.8 70		1011.4
1527005	10.0	CAVOK	7AC5000	26.4 20.4 69	1009.7	1011.5
1630006	10.0	CAVOK	6AC5000	27.2 20.4 67		1011.3
1729006	10.0	CAVOK	5AC5000	27.7 20.3 63		1010.8
1826006	10.0	CAVOK	5CI7000	30.1 19.8 55	1007.9	1009.7
1920008	10.0	CAVOK	6CI7000	30.1 20.0 58		1009.1
2018010	10.0	CAVOK	5CI7000	30.1 18.4 52		1008.5
2117011	10.0	CAVOK	5CI7000	30.1 18.4 52	1006.4	1008.2
2218011	10.0	CAVOK	5CI7000	27.8 19.5 61		1008.5
2318011	10.0	CAVOK	5CI7000	26.4 20.4 69		1009.2
06 MARZ-2017
0200006	10.0	CAVOK	2AC5000 4CI7000	25.8 20.7 73	1007.5	1009.3
0118006	10.0	CAVOK	5AC5000		25.1 21.5 80		1010.1
0219007	10.0	CAVOK	5AC5000		24.5 21.5 83		1010.5
0317008	10.0	CAVOK	3AC5000		24.0 21.7 86	1008.9	1010.7
0418005	10.0	CAVOK	3CI7000		24.0 21.1 83		1010.6
0519004	10.0	CAVOK	3CI7000		24.0 21.1 83		1010.2
0618005	10.0	CAVOK	5AC5000		24.0 21.1 83	1007.9	1009.7
0721003	10.0	CAVOK	5AC5000		23.9 21.1 84		1009.2
0819003	10.0	CAVOK	6AC5000		23.5 21.3 87		1008.6
0918004	10.0	CAVOK	5AC5000		23.7 21.4 87	1006.7	1008.5
1019005	10.0	CAVOK	5AC4500		23.4 21.3 88		1008.6
1119005	10.0	CAVOK	6AC5000		23.2 21.3 89		1008.9
1218003	10.0	CAVOK	6AC5000		23.3 21.4 89	1007.5	1009.2
1318005	10.0	CAVOK	6AC5000		23.9 21.5 86		1010.1
1422003	10.0	CAVOK	5AC5000		25.5 21.7 72		1010.2
1525003	10.0	CAVOK	4AC5000		26.0 21.7 73	1008.4	1010.0
1629006	10.0	CAVOK	4AC5000		27.8 21.5 68		1009.5
1727007	10.0	CAVOK	5AC5000		29.1 21.2 62		1009.4
1825007	10.0	CAVOK	5AC5000		30.1 21.0 69	1007.4	1009.0
1921006	10.0	CAVOK	5AC5000		30.1 21.1 58		1008.5
2021008	10.0	CAVOK	6CI8000		29.1 20.7 60		1008.0
2121005	10.0	CAVOK	5AC5000		27.9 20.6 64	1006.9	1007.9
2219006	10.0	CAVOK	5AC5000		27.3 20.3 66		1007.8
2319009	10.0	CAVOK	5AC5000		25.6 20.8 74		1008.4
05 MARZ-2017
0020008	10.0	CAVOK	6AC5000	25.9 20.8 73	1007.4	1009.2
0117008	10.0	CAVOK	4AC5000	25.2 21.0 77		1010.3
0217009	10.0	CAVOK	5AC5000	25.0 20.8 77		1010.7
0316008	10.0	CAVOK	5AC5100	24.8 20.8 78	1009.0	1010.8
0418007	10.0	CAVOK	5AC5100	24.5 20.9 80		1010.9
0517007	10.0	CAVOK	6AC5100	24.0 20.7 80		1010.5
0617008	10.0	CAVOK	4AC5100	24.0 20.6 81	1008.0	1009.9
0717005	10.0	CAVOK	5AC5000	24.0 20.7 82		1009.3
0819004	10.0	CAVOK	5AC5000	24.0 20.6 82		1008.8
0920003	10.0	CAVOK	5AC5000	23.3 20.3 83	1007.1	1008.7
1021003	10.0	CAVOK	5AC5000	22.8 20.0 84		1009.0
1119003	10.0	CAVOK	5AC5000	22.9 20.3 89		1009.0
1230002	10.0	CAVOK	3AC5000	22.7 20.3 86	1008.6	1010.2
1328003	10.0	CAVOK	SKC	24.3 20.9 81		1010.6
1431005	10.0	CAVOK	SKC	25.0 20.8 77		1010.9
1530006	10.0	CAVOK	3CI8000	25.4 20.5 74	1008.8	1010.6
1626006	10.0	CAVOV	3CI8000	27.4 20.9 67		1010.0
1728007	10.0	CAVOK	2CI8000	30.1 20.8 64		1009.3
1826006	10.0	CAVOK	2CI8000	28.9 18.4 57	1007.2	1009.0
1929008	10.0	CAVOK	2CI8000	30.1 20.9 64		1008.7
2030006	10.0	CAVOK	3CI7000	26.8 20.5 67		1008.3
2132003	10.0	CAVOK	3AC5000	26.8 20.5 68	1006.3	1008.1
2224005	10.0	CAVOK	4AC5000	30.1 20.9 65		1008.3
2319006 10.0	CAVOK	5CI7000	26.8 21.0 70		1008.8

