		      Temperatura
		 --------------------------- 


PERFIL DE TEMPERATURA 
------------------
Fecha: 07MARZ-2017

Temp[]: [24.5, 24.3, 24.0, 23.8, 23.5, 23.2, 23.3, 22.9, 22.9, 22.8, 22.8, 22.3, 22.9, 24.7, 26.6, 26.4, 27.2, 27.7, 30.1, 30.1, 30.1, 30.1, 27.8, 26.4, 20.4, 19.5, 18.4, 18.4, 20.0, 19.8, 20.3, 20.4, 20.4, 20.8, 20.7, 20.3, 20.1, 20.2, 20.4, 20.5, 20.7, 20.4, 20.8, 20.5, 20.2, 20.2, 19.9, 18.4]
Temperatura minima: 18.4
Temperatura mayor: 30.1

 a[2]=24.0
 a[28]=20.0

Lista cae condicion:[24.0, 20.0]
Lista ordenada[20.0, 24.0]

PERFIL DE TEMPERATURA 
------------------
Fecha: 06MARZ-2017

Temp[]: [25.8, 25.1, 24.5, 24.0, 24.0, 24.0, 24.0, 23.9, 23.5, 23.7, 23.4, 23.2, 23.3, 23.9, 25.5, 26.0, 27.8, 29.1, 30.1, 30.1, 29.1, 27.9, 27.3, 25.6, 20.8, 20.3, 20.6, 20.7, 21.1, 21.0, 21.2, 21.5, 21.7, 21.7, 21.5, 21.4, 21.3, 21.3, 21.4, 21.3, 21.1, 21.1, 21.1, 21.1, 21.7, 21.5, 21.5, 20.7]
Temperatura minima: 20.3
Temperatura mayor: 30.1

 a[3]=24.0
 a[4]=24.0
 a[5]=24.0
 a[6]=24.0
 a[15]=26.0
 a[29]=21.0

Lista cae condicion:[20.0, 24.0, 24.0, 24.0, 24.0, 24.0, 26.0, 21.0]
Lista ordenada[20.0, 21.0, 24.0, 24.0, 24.0, 24.0, 24.0, 26.0]

PERFIL DE TEMPERATURA 
------------------
Fecha: 05MARZ-2017

Temp[]: [25.9, 25.2, 25.0, 24.8, 24.5, 24.0, 24.0, 24.0, 24.0, 23.3, 22.8, 22.9, 22.7, 24.3, 25.0, 25.4, 27.4, 30.1, 28.9, 30.1, 26.8, 26.8, 30.1, 26.8, 21.0, 20.9, 20.5, 20.5, 20.9, 18.4, 20.8, 20.9, 20.5, 20.8, 20.9, 20.3, 20.3, 20.0, 20.3, 20.6, 20.7, 20.6, 20.7, 20.9, 20.8, 20.8, 21.0, 20.8]
Temperatura minima: 18.4
Temperatura mayor: 30.1

 a[2]=25.0
 a[5]=24.0
 a[6]=24.0
 a[7]=24.0
 a[8]=24.0
 a[14]=25.0
 a[24]=21.0
 a[37]=20.0
 a[46]=21.0

Lista cae condicion:[20.0, 21.0, 24.0, 24.0, 24.0, 24.0, 24.0, 26.0, 25.0, 24.0, 24.0, 24.0, 24.0, 25.0, 21.0, 20.0, 21.0]
Lista ordenada[20.0, 20.0, 21.0, 21.0, 21.0, 24.0, 24.0, 24.0, 24.0, 24.0, 24.0, 24.0, 24.0, 24.0, 25.0, 25.0, 26.0]